MNIST:99.69%
SVHN:97.94483712354027%
Avg ACC:98.81741856177013%
