MNIST:99.62%
SVHN:97.63368162261831%
Avg ACC:98.62684081130917%
