MNIST:99.58%
SVHN:96.8577135832821%
Avg ACC:98.21885679164106%
